<?xml version="1.0"?>
<opencv_storage>
<Avg_Reprojection_Error>1.6730422362128011e-01</Avg_Reprojection_Error>
<FOV_X>3.4671287167847574e+01</FOV_X>
<FOV_Y>1.9851188525269094e+01</FOV_Y>
<Focal_Length>7.5742273055907630e+00</Focal_Length>
<Aspect_Ratio>9.9616006928072043e-01</Aspect_Ratio>
<Principal_Point_X>1.4240427585039397e+00</Principal_Point_X>
<Principal_Point_Y>3.3319897307582194e+00</Principal_Point_Y>
<Camera_Matrix type_id="opencv-matrix">
  <rows>3</rows>
  <cols>3</cols>
  <dt>d</dt>
  <data>
    2.0197939481575370e+03 0. 3.7974473560105059e+02 0.
    2.0120380793293918e+03 6.6639794615164385e+02 0. 0. 1.</data></Camera_Matrix>
<Distortion_Coefficients type_id="opencv-matrix">
  <rows>5</rows>
  <cols>1</cols>
  <dt>d</dt>
  <data>
    -3.6213959233182234e-02 7.7138981004936094e+00
    7.0414281886207134e-03 7.1240136855206890e-03
    -6.9258916020237905e+01</data></Distortion_Coefficients>
</opencv_storage>
