<?xml version="1.0"?>
<opencv_storage>
<Avg_Reprojection_Error>5.0809020801579940e-01</Avg_Reprojection_Error>
<FOV_X>8.3689918552579527e+01</FOV_X>
<FOV_Y>5.1202450570908987e+01</FOV_Y>
<Focal_Length>2.4408559201668796e+00</Focal_Length>
<Aspect_Ratio>1.0048193858211893e+00</Aspect_Ratio>
<Principal_Point_X>1.3522502891632164e+00</Principal_Point_X>
<Principal_Point_Y>3.2179639914465832e+00</Principal_Point_Y>
<Camera_Matrix type_id="opencv-matrix">
  <rows>3</rows>
  <cols>3</cols>
  <dt>d</dt>
  <data>
    6.5089491204450121e+02 0. 3.6060007711019108e+02 0.
    6.5403182575469270e+02 6.4359279828931665e+02 0. 0. 1.</data></Camera_Matrix>
<Distortion_Coefficients type_id="opencv-matrix">
  <rows>5</rows>
  <cols>1</cols>
  <dt>d</dt>
  <data>
    2.2927739690915026e-02 -7.4460068904323874e-03
    -7.4798496183838882e-04 7.5342642591446837e-04
    -8.0726177617668413e-03</data></Distortion_Coefficients>
</opencv_storage>
