<?xml version="1.0"?>
<opencv_storage>
<Avg_Reprojection_Error>3.4089217393097282e-01</Avg_Reprojection_Error>
<FOV_X>5.9845902617178361e+01</FOV_X>
<FOV_Y>3.5646685074465729e+01</FOV_Y>
<Focal_Length>3.9740670911029121e+00</Focal_Length>
<Aspect_Ratio>9.9663036501462343e-01</Aspect_Ratio>
<Principal_Point_X>1.3760077734498701e+00</Principal_Point_X>
<Principal_Point_Y>3.1642018300895671e+00</Principal_Point_Y>
<Camera_Matrix type_id="opencv-matrix">
  <rows>3</rows>
  <cols>3</cols>
  <dt>d</dt>
  <data>
    1.5896268364411649e+03 0. 5.5040310937994809e+02 0.
    1.5842703742393992e+03 9.4926054902687019e+02 0. 0. 1.</data></Camera_Matrix>
<Distortion_Coefficients type_id="opencv-matrix">
  <rows>5</rows>
  <cols>1</cols>
  <dt>d</dt>
  <data>
    1.0530311273087836e-02 2.4114540419935759e-01
    -2.2650155552970939e-03 1.5697747349774295e-03
    -4.7852204033816886e-01</data></Distortion_Coefficients>
</opencv_storage>
