<?xml version="1.0"?>
<opencv_storage>
<Avg_Reprojection_Error>1.0259438184648467e-01</Avg_Reprojection_Error>
<FOV_X>3.6081490565400600e+01</FOV_X>
<FOV_Y>2.0359527393669808e+01</FOV_Y>
<Focal_Length>7.2832874014259943e+00</Focal_Length>
<Aspect_Ratio>1.0110637716733941e+00</Aspect_Ratio>
<Principal_Point_X>1.5704845377061125e+00</Principal_Point_X>
<Principal_Point_Y>3.2447073255172487e+00</Principal_Point_Y>
<Camera_Matrix type_id="opencv-matrix">
  <rows>3</rows>
  <cols>3</cols>
  <dt>d</dt>
  <data>
    1.9422099737135986e+03 0. 4.1879587672163001e+02 0.
    1.9636981414045547e+03 6.4894146510344979e+02 0. 0. 1.</data></Camera_Matrix>
<Distortion_Coefficients type_id="opencv-matrix">
  <rows>5</rows>
  <cols>1</cols>
  <dt>d</dt>
  <data>
    1.2398609703756855e-02 1.1133686440327683e+01
    -5.0143720722496000e-03 1.1269395084086165e-02
    -1.8509968870199214e+02</data></Distortion_Coefficients>
</opencv_storage>
